gen.3.500.500.19
500
    1    51     1
    2   169   119
    3   102    52
    4   289   239
    5   413   363
    6   155   105
    7   236   186
    8   220   170
    9   107    57
   10    69    19
   11   452   402
   12   464   414
   13   432   382
   14   540   490
   15   488   438
   16   483   433
   17   181   131
   18   130    80
   19   413   363
   20   248   198
   21   155   105
   22   161   111
   23    75    25
   24   360   310
   25   378   328
   26   505   455
   27   146    96
   28   338   288
   29   489   439
   30    65    15
   31   506   456
   32   199   149
   33    91    41
   34   136    86
   35   265   215
   36   313   263
   37   123    73
   38   113    63
   39   249   199
   40   469   419
   41   373   323
   42   144    94
   43   325   275
   44   432   382
   45   418   368
   46   208   158
   47   109    59
   48   195   145
   49   258   208
   50   545   495
   51   454   404
   52   511   461
   53   445   395
   54   547   497
   55   475   425
   56   204   154
   57   163   113
   58   493   443
   59   535   485
   60   143    93
   61   393   343
   62   501   451
   63   240   190
   64   451   401
   65   154   104
   66   273   223
   67    66    16
   68   184   134
   69   114    64
   70   503   453
   71   197   147
   72   118    68
   73   495   445
   74   178   128
   75   307   257
   76   529   479
   77   437   387
   78   308   258
   79   118    68
   80   103    53
   81   132    82
   82   124    74
   83   499   449
   84   156   106
   85    94    44
   86   305   255
   87   264   214
   88   199   149
   89   290   240
   90    62    12
   91   392   342
   92   321   271
   93   413   363
   94   322   272
   95   201   151
   96   137    87
   97   547   497
   98   272   222
   99   123    73
  100    87    37
  101   378   328
  102   387   337
  103   296   246
  104   275   225
  105   364   314
  106   367   317
  107   512   462
  108    95    45
  109    63    13
  110   131    81
  111    67    17
  112   517   467
  113    78    28
  114   472   422
  115   177   127
  116   534   484
  117   342   292
  118   248   198
  119   263   213
  120   495   445
  121    78    28
  122   285   235
  123   477   427
  124    99    49
  125   501   451
  126   108    58
  127   184   134
  128   111    61
  129    59     9
  130   537   487
  131   333   283
  132   434   384
  133   315   265
  134   506   456
  135   503   453
  136   152   102
  137   284   234
  138   420   370
  139   382   332
  140   397   347
  141    74    24
  142    62    12
  143   469   419
  144   144    94
  145   288   238
  146   212   162
  147    75    25
  148   222   172
  149   309   259
  150   344   294
  151   222   172
  152   358   308
  153   508   458
  154   324   274
  155   185   135
  156   378   328
  157   349   299
  158   281   231
  159   485   435
  160   272   222
  161   245   195
  162   437   387
  163   151   101
  164   108    58
  165   417   367
  166   255   205
  167   512   462
  168   157   107
  169   300   250
  170   411   361
  171   245   195
  172   540   490
  173   479   429
  174   485   435
  175   398   348
  176   263   213
  177   387   337
  178   432   382
  179   391   341
  180   192   142
  181   455   405
  182    68    18
  183   231   181
  184   406   356
  185   251   201
  186   253   203
  187   285   235
  188   281   231
  189    76    26
  190   144    94
  191   308   258
  192   419   369
  193   190   140
  194    75    25
  195   402   352
  196   210   160
  197   400   350
  198   300   250
  199   281   231
  200    70    20
  201   259   209
  202    91    41
  203   143    93
  204   531   481
  205   374   324
  206   124    74
  207   364   314
  208    72    22
  209    71    21
  210   301   251
  211   130    80
  212    67    17
  213   427   377
  214   174   124
  215   161   111
  216   369   319
  217   331   281
  218   388   338
  219   293   243
  220   386   336
  221   400   350
  222   508   458
  223   381   331
  224   366   316
  225    77    27
  226   475   425
  227   538   488
  228   311   261
  229   163   113
  230   443   393
  231   149    99
  232   119    69
  233   102    52
  234   293   243
  235   314   264
  236   174   124
  237   367   317
  238   107    57
  239   270   220
  240   382   332
  241   426   376
  242   162   112
  243   404   354
  244   547   497
  245   275   225
  246   544   494
  247    96    46
  248   258   208
  249   453   403
  250   239   189
  251   108    58
  252   405   355
  253   487   437
  254   130    80
  255   101    51
  256   144    94
  257   278   228
  258   465   415
  259   266   216
  260   264   214
  261   216   166
  262   129    79
  263   124    74
  264   136    86
  265   420   370
  266    79    29
  267   290   240
  268   319   269
  269   454   404
  270   329   279
  271   116    66
  272    77    27
  273   286   236
  274   527   477
  275   524   474
  276   237   187
  277   125    75
  278   279   229
  279   252   202
  280   124    74
  281   409   359
  282    80    30
  283   459   409
  284   315   265
  285   255   205
  286   317   267
  287   510   460
  288   513   463
  289   478   428
  290   150   100
  291   471   421
  292   128    78
  293   349   299
  294   334   284
  295   378   328
  296   414   364
  297   398   348
  298    96    46
  299   477   427
  300   187   137
  301   267   217
  302   115    65
  303   226   176
  304   132    82
  305   419   369
  306   160   110
  307   179   129
  308   472   422
  309   167   117
  310   399   349
  311   401   351
  312   397   347
  313   301   251
  314   510   460
  315   110    60
  316   264   214
  317   122    72
  318   231   181
  319   450   400
  320   245   195
  321    92    42
  322   261   211
  323   429   379
  324   228   178
  325   112    62
  326   453   403
  327   104    54
  328   175   125
  329   118    68
  330   168   118
  331   137    87
  332   489   439
  333   250   200
  334    93    43
  335   200   150
  336   217   167
  337   420   370
  338   538   488
  339    68    18
  340   505   455
  341   535   485
  342    55     5
  343   148    98
  344   268   218
  345   107    57
  346   305   255
  347   244   194
  348   327   277
  349   441   391
  350    70    20
  351   292   242
  352   423   373
  353   484   434
  354   143    93
  355   115    65
  356   539   489
  357    71    21
  358   336   286
  359   204   154
  360   232   182
  361   387   337
  362   399   349
  363   222   172
  364   142    92
  365   502   452
  366   291   241
  367   335   285
  368   115    65
  369   505   455
  370   464   414
  371    80    30
  372   240   190
  373   198   148
  374   364   314
  375   307   257
  376   256   206
  377   279   229
  378   286   236
  379   310   260
  380   164   114
  381   168   118
  382   139    89
  383   396   346
  384   221   171
  385   115    65
  386   430   380
  387   270   220
  388   398   348
  389   279   229
  390   161   111
  391   244   194
  392   341   291
  393   366   316
  394   490   440
  395   209   159
  396    77    27
  397   201   151
  398   196   146
  399   197   147
  400   462   412
  401   486   436
  402   146    96
  403   211   161
  404   424   374
  405    68    18
  406   102    52
  407   284   234
  408   507   457
  409   328   278
  410   344   294
  411   251   201
  412   136    86
  413    59     9
  414   286   236
  415   342   292
  416   270   220
  417   301   251
  418   188   138
  419   178   128
  420   524   474
  421   544   494
  422   329   279
  423   155   105
  424   103    53
  425   214   164
  426   516   466
  427    78    28
  428   104    54
  429   125    75
  430   318   268
  431   204   154
  432   334   284
  433   193   143
  434   513   463
  435   548   498
  436   214   164
  437   229   179
  438   465   415
  439   442   392
  440   352   302
  441   526   476
  442   199   149
  443   177   127
  444    83    33
  445   230   180
  446   491   441
  447   218   168
  448   278   228
  449   176   126
  450   412   362
  451   122    72
  452   214   164
  453   510   460
  454   220   170
  455   145    95
  456    92    42
  457   508   458
  458   346   296
  459   157   107
  460   131    81
  461   448   398
  462   335   285
  463   431   381
  464   339   289
  465   111    61
  466   119    69
  467   289   239
  468   413   363
  469   105    55
  470   293   243
  471   329   279
  472   195   145
  473   318   268
  474   544   494
  475   282   232
  476   512   462
  477   517   467
  478   273   223
  479    85    35
  480   361   311
  481    95    45
  482   259   209
  483   527   477
  484   175   125
  485    57     7
  486   445   395
  487   230   180
  488    69    19
  489   394   344
  490   450   400
  491   457   407
  492   103    53
  493   464   414
  494   380   330
  495    70    20
  496   441   391
  497   158   108
  498   154   104
  499   543   493
  500   278   228
22148
