gen.5.500.500.46
500
    1    51     1
    2   102    52
    3   413   363
    4   237   186
    5   107    57
    6   453   402
    7   433   382
    8   488   438
    9   182   131
   10   414   363
   11   155   105
   12    76    25
   13   378   328
   14   147    96
   15   489   439
   16   506   456
   17    92    41
   18   265   215
   19   123    73
   20   249   199
   21   374   323
   22   326   275
   23   419   368
   24   109    59
   25   258   208
   26   454   404
   27   445   395
   28   476   425
   29   163   113
   30   535   485
   31   393   343
   32   240   190
   33   154   104
   34    67    16
   35   114    64
   36   198   147
   37   496   445
   38   307   257
   39   438   387
   40   118    68
   41   133    82
   42   500   449
   43    94    44
   44   264   214
   45   291   240
   46   392   342
   47   414   363
   48   201   151
   49   548   497
   50   123    73
   51   378   328
   52   296   246
   53   364   314
   54   512   462
   55    63    13
   56    67    17
   57    79    28
   58   178   127
   59   343   292
   60   263   213
   61    78    28
   62   477   427
   63   502   451
   64   184   134
   65    59     9
   66   334   283
   67   316   265
   68   504   453
   69   285   234
   70   382   332
   71    75    24
   72   470   419
   73   289   238
   74    76    25
   75   310   259
   76   223   172
   77   509   458
   78   186   135
   79   349   299
   80   486   435
   81   245   195
   82   152   101
   83   417   367
   84   512   462
   85   300   250
   86   246   195
   87   479   429
   88   398   348
   89   388   337
   90   392   341
   91   456   405
   92   232   181
   93   251   201
   94   285   235
   95    77    26
   96   308   258
   97   190   140
   98   403   352
   99   401   350
  100   282   231
  101   259   209
  102   143    93
  103   375   324
  104   365   314
  105    71    21
  106   130    80
  107   428   377
  108   161   111
  109   332   281
  110   294   243
  111   401   350
  112   382   331
  113    77    27
  114   538   488
  115   163   113
  116   149    99
  117   102    52
  118   315   264
  119   367   317
  120   271   220
  121   427   376
  122   404   354
  123   276   225
  124    97    46
  125   453   403
  126   108    58
  127   488   437
  128   102    51
  129   278   228
  130   267   216
  131   216   166
  132   125    74
  133   420   370
  134   290   240
  135   454   404
  136   116    66
  137   286   236
  138   524   474
  139   125    75
  140   253   202
  141   410   359
  142   459   409
  143   255   205
  144   510   460
  145   479   428
  146   472   421
  147   350   299
  148   379   328
  149   399   348
  150   477   427
  151   267   217
  152   227   176
  153   420   369
  154   180   129
  155   167   117
  156   401   351
  157   302   251
  158   111    60
  159   122    72
  160   450   400
  161    92    42
  162   430   379
  163   112    62
  164   104    54
  165   119    68
  166   137    87
  167   250   200
  168   200   150
  169   421   370
  170    68    18
  171   535   485
  172   149    98
  173   107    57
  174   244   194
  175   442   391
  176   292   242
  177   484   434
  178   115    65
  179    72    21
  180   205   154
  181   387   337
  182   223   172
  183   502   452
  184   335   285
  185   506   455
  186    81    30
  187   199   148
  188   308   257
  189   280   229
  190   311   260
  191   168   118
  192   396   346
  193   116    65
  194   271   220
  195   279   229
  196   244   194
  197   367   316
  198   209   159
  199   202   151
  200   198   147
  201   487   436
  202   212   161
  203    69    18
  204   284   234
  205   329   278
  206   252   201
  207    60     9
  208   343   292
  209   302   251
  210   179   128
  211   544   494
  212   155   105
  213   215   164
  214    79    28
  215   126    75
  216   205   154
  217   193   143
  218   549   498
  219   229   179
  220   443   392
  221   526   476
  222   177   127
  223   230   180
  224   219   168
  225   177   126
  226   123    72
  227   511   460
  228   146    95
  229   509   458
  230   157   107
  231   448   398
  232   431   381
  233   111    61
  234   289   239
  235   105    55
  236   329   279
  237   319   268
  238   283   232
  239   517   467
  240    85    35
  241    95    45
  242   527   477
  243    57     7
  244   230   180
  245   395   344
  246   457   407
  247   465   414
  248    70    20
  249   159   108
  250   544   493
  251   324   274
  252   182   131
  253   275   225
  254   371   320
  255   325   274
  256    66    16
  257   427   377
  258   425   374
  259   366   315
  260    82    32
  261   432   381
  262   283   233
  263    87    36
  264   282   231
  265   238   187
  266    82    31
  267   343   292
  268   491   441
  269    97    47
  270   547   496
  271   383   332
  272   297   246
  273    59     8
  274   523   473
  275   146    96
  276   415   364
  277   276   226
  278   176   125
  279   486   436
  280    70    19
  281   121    71
  282   329   279
  283   448   397
  284   346   295
  285   293   243
  286   218   168
  287   517   467
  288   150    99
  289   533   482
  290   274   224
  291   132    81
  292   177   126
  293   197   146
  294    89    38
  295   548   498
  296   224   174
  297    77    27
  298   120    70
  299   222   172
  300   529   479
  301   432   381
  302   351   300
  303   147    97
  304   325   275
  305   479   429
  306   522   471
  307   150   100
  308   202   152
  309   217   166
  310   216   165
  311   192   142
  312   252   202
  313   151   100
  314   402   351
  315   421   371
  316   275   224
  317   417   367
  318    58     7
  319   322   271
  320   375   324
  321   466   416
  322   421   371
  323   274   223
  324   479   429
  325   331   281
  326   408   357
  327    71    20
  328   364   314
  329   179   128
  330   390   339
  331   294   244
  332   180   130
  333    55     4
  334   281   230
  335   516   466
  336   525   475
  337   222   172
  338    95    44
  339   226   176
  340   248   197
  341   329   279
  342   510   459
  343   334   283
  344   208   158
  345   312   262
  346   305   254
  347   487   436
  348   232   181
  349   167   117
  350    86    36
  351   131    80
  352   179   129
  353   282   231
  354   325   274
  355   128    77
  356   136    85
  357   179   129
  358   357   307
  359    63    13
  360   305   254
  361   527   476
  362   477   427
  363   391   340
  364   376   326
  365   179   128
  366   173   122
  367   508   458
  368   116    65
  369   180   129
  370   551   500
  371   517   467
  372    78    27
  373   528   478
  374   295   245
  375   112    61
  376   486   435
  377   352   302
  378   302   251
  379   508   458
  380   146    95
  381   227   176
  382   503   452
  383   470   420
  384   473   423
  385   459   409
  386   441   391
  387   305   254
  388    87    37
  389    85    34
  390   523   472
  391   236   186
  392    62    11
  393   502   452
  394   473   422
  395   110    59
  396   520   470
  397   136    86
  398   408   358
  399   125    74
  400   214   163
  401   233   183
  402    93    42
  403   240   190
  404   291   241
  405   192   142
  406   547   497
  407   316   265
  408   471   420
  409   269   219
  410   130    79
  411   170   119
  412   176   126
  413   448   397
  414   134    83
  415   458   407
  416    88    37
  417   127    76
  418   530   479
  419   165   115
  420   411   361
  421   249   198
  422   125    75
  423   349   298
  424   171   121
  425   477   427
  426   442   391
  427   227   177
  428   378   327
  429   421   370
  430   210   160
  431   312   261
  432   140    89
  433   438   387
  434   514   463
  435   380   329
  436   431   380
  437   336   285
  438   317   267
  439   169   118
  440   249   198
  441   380   330
  442   452   402
  443   281   231
  444   223   173
  445   306   256
  446   110    60
  447    53     3
  448   183   132
  449   367   316
  450   311   261
  451   386   335
  452   410   359
  453   189   139
  454   444   393
  455   466   415
  456   317   267
  457   437   386
  458   322   271
  459   467   416
  460   111    60
  461   413   363
  462   131    80
  463   294   244
  464   483   433
  465   367   316
  466   290   239
  467   194   143
  468   391   340
  469   311   260
  470   118    68
  471   429   378
  472   455   404
  473   417   367
  474   350   299
  475    93    43
  476   239   188
  477   326   276
  478   126    76
  479   348   297
  480   326   275
  481   208   158
  482   113    62
  483   414   363
  484   403   352
  485   272   221
  486   155   105
  487   105    54
  488   515   465
  489    67    16
  490   460   410
  491   136    86
  492   244   194
  493    69    18
  494   437   387
  495   261   211
  496   518   468
  497   330   279
  498   400   349
  499   220   169
  500   231   180
54706
