gen.1.500.500.87
500
    1   119     1
    2   239    52
    3   105   363
    4   170   186
    5    19    57
    6   414   402
    7   490   382
    8   433   438
    9    80   131
   10   198   363
   11   111   105
   12   310    25
   13   455   328
   14   288    96
   15    15   439
   16   149   456
   17    86    41
   18   263   215
   19    63    73
   20   419   199
   21    94   323
   22   382   275
   23   158   368
   24   145    59
   25   495   208
   26   461   404
   27   497   395
   28   154   425
   29   443   113
   30    93   485
   31   451   343
   32   401   190
   33   223   104
   34   134    16
   35   453    64
   36    68   147
   37   128   445
   38   479   257
   39   258   387
   40    53    68
   41    74    82
   42   106   449
   43   255    44
   44   149   214
   45    12   240
   46   271   342
   47   272   363
   48    87   151
   49   222   497
   50    37    73
   51   337   328
   52   225   246
   53   317   314
   54    45   462
   55    81    13
   56   467    17
   57   422    28
   58   484   127
   59   198   292
   60   445   213
   61   235    28
   62    49   427
   63    58   451
   64    61   134
   65   487     9
   66   384   283
   67   456   265
   68   102   453
   69   370   234
   70   347   332
   71    12    24
   72    94   419
   73   162   238
   74   172    25
   75   294   259
   76   308   172
   77   274   458
   78   328   135
   79   231   299
   80   222   435
   81   387   195
   82    58   101
   83   205   367
   84   107   462
   85   361   250
   86   490   195
   87   435   429
   88   213   348
   89   382   337
   90   142   341
   91    18   405
   92   356   181
   93   203   201
   94   231   235
   95    94    26
   96   369   258
   97    25   140
   98   160   352
   99   250   350
  100    20   231
  101    41   209
  102   481    93
  103    74   324
  104    22   314
  105   251    21
  106    17    80
  107   124   377
  108   319   111
  109   338   281
  110   336   243
  111   458   350
  112   316   331
  113   425    27
  114   261   488
  115   393   113
  116    69    99
  117   243    52
  118   124   264
  119    57   317
  120   332   220
  121   112   376
  122   497   354
  123   494   225
  124   208    46
  125   189   403
  126   355    58
  127    80   437
  128    94    51
  129   415   228
  130   214   216
  131    79   166
  132    86    74
  133    29   370
  134   269   240
  135   279   404
  136    27    66
  137   477   236
  138   187   474
  139   229    75
  140    74   202
  141    30   359
  142   265   409
  143   267   205
  144   463   460
  145   100   428
  146    78   421
  147   284   299
  148   364   328
  149    46   348
  150   137   427
  151    65   217
  152    82   176
  153   110   369
  154   422   129
  155   349   117
  156   347   351
  157   460   251
  158   214    60
  159   181    72
  160   195   400
  161   211    42
  162   178   379
  163   403    62
  164   125    54
  165   118    68
  166   439    87
  167    43   200
  168   167   150
  169   488   370
  170   455    18
  171     5   485
  172   218    98
  173   255    57
  174   277   194
  175    20   391
  176   373   242
  177    93   434
  178   489    65
  179   286    21
  180   182   154
  181   349   337
  182    92   172
  183   241   452
  184    65   285
  185   414   455
  186   190    30
  187   314   148
  188   206   257
  189   236   229
  190   114   260
  191    89   118
  192   171   346
  193   380    65
  194   348   220
  195   111   229
  196   291   194
  197   440   316
  198    27   159
  199   146   151
  200   412   147
  201    96   436
  202   374   161
  203    52    18
  204   457   234
  205   294   278
  206    86   201
  207   236     9
  208   220   292
  209   138   251
  210   474   128
  211   279   494
  212    53   105
  213   466   164
  214    54    28
  215   268    75
  216   284   154
  217   463   143
  218   164   498
  219   415   179
  220   302   392
  221   149   476
  222    33   127
  223   441   180
  224   228   168
  225   362   126
  226   164    72
  227   170   460
  228    42    95
  229   296   458
  230    81   107
  231   285   398
  232   289   381
  233    69    61
  234   363   239
  235   243    55
  236   145   279
  237   494   268
  238   462   232
  239   223   467
  240   311    35
  241   209    45
  242   125   477
  243   395     7
  244    19   180
  245   400   344
  246    53   407
  247   330   414
  248   391    20
  249   104   108
  250   228   493
  251   387   274
  252   330   131
  253   407   225
  254   226   320
  255   312   274
  256   413    16
  257   241   377
  258    94   374
  259   388   315
  260   173    32
  261   464   381
  262   109   233
  263    86    36
  264    26   231
  265   232   187
  266   314    31
  267   252   292
  268   209   441
  269    23    47
  270   292   496
  271   286   332
  272   258   246
  273   456     8
  274   183   473
  275   419    96
  276   402   364
  277   259   226
  278   230   125
  279   275   436
  280   426    19
  281   183    71
  282   113   279
  283   226   397
  284   138   295
  285    15   243
  286   289   168
  287   245   467
  288   206    99
  289   406   482
  290   315   224
  291   168    81
  292    44   126
  293    70   146
  294   316    38
  295   263   498
  296   235   174
  297   491    27
  298    19    70
  299   177   172
  300   381   479
  301   248   381
  302   168   300
  303    87    97
  304    85   275
  305   297   429
  306    98   471
  307   489   100
  308     1   152
  309   456   166
  310   146   165
  311   387   142
  312   369   202
  313   136   100
  314   154   351
  315   249   371
  316   306   224
  317    51   367
  318    26     7
  319    50   271
  320    52   324
  321   327   416
  322   233   371
  323   372   223
  324   191   429
  325   137   281
  326   360   357
  327   170    20
  328    33   314
  329    92   128
  330   178   339
  331   241   244
  332   273   130
  333   216     4
  334   150   230
  335   111   466
  336   433   475
  337   279   172
  338   240    44
  339   291   176
  340    36   197
  341     9   279
  342   436   459
  343   342   283
  344   485   158
  345   417   262
  346   192   254
  347    18   436
  348   314   181
  349   421   117
  350    13    36
  351   354    80
  352   381   129
  353    30   231
  354   354   274
  355   188    77
  356   290    85
  357   237   129
  358   179   307
  359    69    13
  360   390   254
  361   150   476
  362   375   427
  363    88   340
  364   357   326
  365   332   128
  366    58   122
  367   355   458
  368   244    65
  369   374   129
  370   168   500
  371   175   467
  372   440    27
  373   423   478
  374    19   245
  375   152    61
  376    76   435
  377   471   302
  378   204   251
  379   491   458
  380    98    95
  381   412   176
  382    94   452
  383   329   420
  384   163   423
  385   457   409
  386   405   391
  387   150   254
  388   133    37
  389   254    34
  390   364   472
  391    67   186
  392    56    11
  393   133   452
  394   290   422
  395   438    59
  396   121   470
  397   397    86
  398   325   358
  399   270    74
  400   448   163
  401   327   183
  402    30    42
  403    11   190
  404   227   241
  405   307   142
  406   225   497
  407   230   265
  408   188   420
  409   291   219
  410   294    79
  411    30   119
  412   275   126
  413   264   397
  414    86    83
  415   264   407
  416   132    37
  417   214    76
  418   230   479
  419   351   115
  420   149   361
  421   300   198
  422   403    75
  423    68   298
  424   489   121
  425    57   427
  426     8   391
  427   439   177
  428   410   327
  429   324   370
  430   245   160
  431   308   261
  432   184    89
  433   308   387
  434     2   463
  435   346   329
  436     6   380
  437     8   285
  438   133   267
  439   454   118
  440   188   198
  441   119   330
  442   259   402
  443   497   231
  444   347   173
  445   221   256
  446   171    60
  447   357     3
  448   210   132
  449   372   316
  450   365   261
  451   108   335
  452   212   359
  453   443   139
  454   316   393
  455   464   415
  456   359   267
  457   454   386
  458   256   271
  459   204   416
  460   222    60
  461   375   363
  462   184    80
  463   497   244
  464    59   433
  465   158   316
  466    56   239
  467    40   143
  468   402   340
  469   262   260
  470   387    68
  471   206   378
  472    24   404
  473   117   367
  474   402   299
  475   283    43
  476   320   188
  477    23   276
  478   391    76
  479   302   297
  480   104   275
  481   435   158
  482   158    62
  483    20   363
  484    24   352
  485   464   221
  486   171   105
  487   500    54
  488   385   465
  489   396    16
  490   117   410
  491   195    86
  492   251   194
  493    12    18
  494   417   387
  495    85   211
  496   115   468
  497   310   279
  498   252   349
  499   402   169
  500   326   180
103466
