gen.4.500.500.13
500
    1     1    51
    2   119   169
    3    52   102
    4   239   289
    5   363   413
    6   105   155
    7   186   236
    8   170   220
    9    57   107
   10    19    69
   11   402   452
   12   414   464
   13   382   432
   14   490   540
   15   438   488
   16   433   483
   17   131   181
   18    80   130
   19   363   413
   20   198   248
   21   105   155
   22   111   161
   23    25    75
   24   310   360
   25   328   378
   26   455   505
   27    96   146
   28   288   338
   29   439   489
   30    15    65
   31   456   506
   32   149   199
   33    41    91
   34    86   136
   35   215   265
   36   263   313
   37    73   123
   38    63   113
   39   199   249
   40   419   469
   41   323   373
   42    94   144
   43   275   325
   44   382   432
   45   368   418
   46   158   208
   47    59   109
   48   145   195
   49   208   258
   50   495   545
   51   404   454
   52   461   511
   53   395   445
   54   497   547
   55   425   475
   56   154   204
   57   113   163
   58   443   493
   59   485   535
   60    93   143
   61   343   393
   62   451   501
   63   190   240
   64   401   451
   65   104   154
   66   223   273
   67    16    66
   68   134   184
   69    64   114
   70   453   503
   71   147   197
   72    68   118
   73   445   495
   74   128   178
   75   257   307
   76   479   529
   77   387   437
   78   258   308
   79    68   118
   80    53   103
   81    82   132
   82    74   124
   83   449   499
   84   106   156
   85    44    94
   86   255   305
   87   214   264
   88   149   199
   89   240   290
   90    12    62
   91   342   392
   92   271   321
   93   363   413
   94   272   322
   95   151   201
   96    87   137
   97   497   547
   98   222   272
   99    73   123
  100    37    87
  101   328   378
  102   337   387
  103   246   296
  104   225   275
  105   314   364
  106   317   367
  107   462   512
  108    45    95
  109    13    63
  110    81   131
  111    17    67
  112   467   517
  113    28    78
  114   422   472
  115   127   177
  116   484   534
  117   292   342
  118   198   248
  119   213   263
  120   445   495
  121    28    78
  122   235   285
  123   427   477
  124    49    99
  125   451   501
  126    58   108
  127   134   184
  128    61   111
  129     9    59
  130   487   537
  131   283   333
  132   384   434
  133   265   315
  134   456   506
  135   453   503
  136   102   152
  137   234   284
  138   370   420
  139   332   382
  140   347   397
  141    24    74
  142    12    62
  143   419   469
  144    94   144
  145   238   288
  146   162   212
  147    25    75
  148   172   222
  149   259   309
  150   294   344
  151   172   222
  152   308   358
  153   458   508
  154   274   324
  155   135   185
  156   328   378
  157   299   349
  158   231   281
  159   435   485
  160   222   272
  161   195   245
  162   387   437
  163   101   151
  164    58   108
  165   367   417
  166   205   255
  167   462   512
  168   107   157
  169   250   300
  170   361   411
  171   195   245
  172   490   540
  173   429   479
  174   435   485
  175   348   398
  176   213   263
  177   337   387
  178   382   432
  179   341   391
  180   142   192
  181   405   455
  182    18    68
  183   181   231
  184   356   406
  185   201   251
  186   203   253
  187   235   285
  188   231   281
  189    26    76
  190    94   144
  191   258   308
  192   369   419
  193   140   190
  194    25    75
  195   352   402
  196   160   210
  197   350   400
  198   250   300
  199   231   281
  200    20    70
  201   209   259
  202    41    91
  203    93   143
  204   481   531
  205   324   374
  206    74   124
  207   314   364
  208    22    72
  209    21    71
  210   251   301
  211    80   130
  212    17    67
  213   377   427
  214   124   174
  215   111   161
  216   319   369
  217   281   331
  218   338   388
  219   243   293
  220   336   386
  221   350   400
  222   458   508
  223   331   381
  224   316   366
  225    27    77
  226   425   475
  227   488   538
  228   261   311
  229   113   163
  230   393   443
  231    99   149
  232    69   119
  233    52   102
  234   243   293
  235   264   314
  236   124   174
  237   317   367
  238    57   107
  239   220   270
  240   332   382
  241   376   426
  242   112   162
  243   354   404
  244   497   547
  245   225   275
  246   494   544
  247    46    96
  248   208   258
  249   403   453
  250   189   239
  251    58   108
  252   355   405
  253   437   487
  254    80   130
  255    51   101
  256    94   144
  257   228   278
  258   415   465
  259   216   266
  260   214   264
  261   166   216
  262    79   129
  263    74   124
  264    86   136
  265   370   420
  266    29    79
  267   240   290
  268   269   319
  269   404   454
  270   279   329
  271    66   116
  272    27    77
  273   236   286
  274   477   527
  275   474   524
  276   187   237
  277    75   125
  278   229   279
  279   202   252
  280    74   124
  281   359   409
  282    30    80
  283   409   459
  284   265   315
  285   205   255
  286   267   317
  287   460   510
  288   463   513
  289   428   478
  290   100   150
  291   421   471
  292    78   128
  293   299   349
  294   284   334
  295   328   378
  296   364   414
  297   348   398
  298    46    96
  299   427   477
  300   137   187
  301   217   267
  302    65   115
  303   176   226
  304    82   132
  305   369   419
  306   110   160
  307   129   179
  308   422   472
  309   117   167
  310   349   399
  311   351   401
  312   347   397
  313   251   301
  314   460   510
  315    60   110
  316   214   264
  317    72   122
  318   181   231
  319   400   450
  320   195   245
  321    42    92
  322   211   261
  323   379   429
  324   178   228
  325    62   112
  326   403   453
  327    54   104
  328   125   175
  329    68   118
  330   118   168
  331    87   137
  332   439   489
  333   200   250
  334    43    93
  335   150   200
  336   167   217
  337   370   420
  338   488   538
  339    18    68
  340   455   505
  341   485   535
  342     5    55
  343    98   148
  344   218   268
  345    57   107
  346   255   305
  347   194   244
  348   277   327
  349   391   441
  350    20    70
  351   242   292
  352   373   423
  353   434   484
  354    93   143
  355    65   115
  356   489   539
  357    21    71
  358   286   336
  359   154   204
  360   182   232
  361   337   387
  362   349   399
  363   172   222
  364    92   142
  365   452   502
  366   241   291
  367   285   335
  368    65   115
  369   455   505
  370   414   464
  371    30    80
  372   190   240
  373   148   198
  374   314   364
  375   257   307
  376   206   256
  377   229   279
  378   236   286
  379   260   310
  380   114   164
  381   118   168
  382    89   139
  383   346   396
  384   171   221
  385    65   115
  386   380   430
  387   220   270
  388   348   398
  389   229   279
  390   111   161
  391   194   244
  392   291   341
  393   316   366
  394   440   490
  395   159   209
  396    27    77
  397   151   201
  398   146   196
  399   147   197
  400   412   462
  401   436   486
  402    96   146
  403   161   211
  404   374   424
  405    18    68
  406    52   102
  407   234   284
  408   457   507
  409   278   328
  410   294   344
  411   201   251
  412    86   136
  413     9    59
  414   236   286
  415   292   342
  416   220   270
  417   251   301
  418   138   188
  419   128   178
  420   474   524
  421   494   544
  422   279   329
  423   105   155
  424    53   103
  425   164   214
  426   466   516
  427    28    78
  428    54   104
  429    75   125
  430   268   318
  431   154   204
  432   284   334
  433   143   193
  434   463   513
  435   498   548
  436   164   214
  437   179   229
  438   415   465
  439   392   442
  440   302   352
  441   476   526
  442   149   199
  443   127   177
  444    33    83
  445   180   230
  446   441   491
  447   168   218
  448   228   278
  449   126   176
  450   362   412
  451    72   122
  452   164   214
  453   460   510
  454   170   220
  455    95   145
  456    42    92
  457   458   508
  458   296   346
  459   107   157
  460    81   131
  461   398   448
  462   285   335
  463   381   431
  464   289   339
  465    61   111
  466    69   119
  467   239   289
  468   363   413
  469    55   105
  470   243   293
  471   279   329
  472   145   195
  473   268   318
  474   494   544
  475   232   282
  476   462   512
  477   467   517
  478   223   273
  479    35    85
  480   311   361
  481    45    95
  482   209   259
  483   477   527
  484   125   175
  485     7    57
  486   395   445
  487   180   230
  488    19    69
  489   344   394
  490   400   450
  491   407   457
  492    53   103
  493   414   464
  494   330   380
  495    20    70
  496   391   441
  497   108   158
  498   104   154
  499   493   543
  500   228   278
18371
