gen.2.500.500.35
500
    1    18     1
    2    90    52
    3   329   363
    4   169   186
    5    98    57
    6   390   402
    7   403   382
    8   485   438
    9   159   131
   10   387   363
   11   145   105
   12    46    25
   13   364   328
   14    97    96
   15   449   439
   16   451   456
   17     8    41
   18   170   215
   19    73    73
   20   229   199
   21   372   323
   22   235   275
   23   333   368
   24    60    59
   25   159   208
   26   445   404
   27   387   395
   28   403   425
   29    92   113
   30   499   485
   31   360   343
   32   189   190
   33    94   104
   34     1    16
   35    57    64
   36   121   147
   37   456   445
   38   286   257
   39   367   387
   40    74    68
   41    94    82
   42   418   449
   43     7    44
   44   248   214
   45   258   240
   46   306   342
   47   352   363
   48   156   151
   49   489   497
   50    94    73
   51   308   328
   52   213   246
   53   269   314
   54   491   462
   55     1    13
   56    23    17
   57     1    28
   58   151   127
   59   303   292
   60   234   213
   61    16    28
   62   429   427
   63   489   451
   64   150   134
   65    24     9
   66   314   283
   67   216   265
   68   411   453
   69   271   234
   70   294   332
   71    38    24
   72   455   419
   73   190   238
   74    10    25
   75   232   259
   76   139   172
   77   411   458
   78    99   135
   79   348   299
   80   415   435
   81   202   195
   82   100   101
   83   370   367
   84   491   462
   85   299   250
   86   230   195
   87   436   429
   88   322   348
   89   351   337
   90   356   341
   91   408   405
   92   189   181
   93   197   201
   94   186   235
   95     1    26
   96   286   258
   97   179   140
   98   376   352
   99   333   350
  100   253   231
  101   243   209
  102    96    93
  103   299   324
  104   362   314
  105    13    21
  106    43    80
  107   372   377
  108   160   111
  109   264   281
  110   208   243
  111   397   350
  112   331   331
  113    56    27
  114   505   488
  115    64   113
  116    61    99
  117    80    52
  118   219   264
  119   365   317
  120   228   220
  121   342   376
  122   327   354
  123   237   225
  124    39    46
  125   411   403
  126    65    58
  127   429   437
  128    48    51
  129   225   228
  130   211   216
  131   183   166
  132    80    74
  133   378   370
  134   248   240
  135   385   404
  136   107    66
  137   268   236
  138   437   474
  139    35    75
  140   162   202
  141   332   359
  142   406   409
  143   243   205
  144   464   460
  145   456   428
  146   400   421
  147   310   299
  148   346   328
  149   335   348
  150   423   427
  151   206   217
  152   132   176
  153   353   369
  154   159   129
  155    90   117
  156   386   351
  157   248   251
  158    18    60
  159   102    72
  160   375   400
  161    67    42
  162   425   379
  163    44    62
  164    97    54
  165    46    68
  166   127    87
  167   233   200
  168   157   150
  169   353   370
  170    52    18
  171   493   485
  172    54    98
  173    49    57
  174   167   194
  175   346   391
  176   226   242
  177   482   434
  178   107    65
  179    26    21
  180   177   154
  181   365   337
  182   144   172
  183   423   452
  184   319   285
  185   486   455
  186     1    30
  187   101   148
  188   231   257
  189   270   229
  190   215   260
  191   164   118
  192   330   346
  193    71    65
  194   249   220
  195   247   229
  196   175   194
  197   344   316
  198   205   159
  199   142   151
  200   112   147
  201   485   436
  202   195   161
  203     3    18
  204   282   234
  205   286   278
  206   186   201
  207    53     9
  208   331   292
  209   283   251
  210    96   128
  211   497   494
  212    85   105
  213   206   164
  214    64    28
  215    31    75
  216   194   154
  217   137   143
  218   533   498
  219   196   179
  220   361   392
  221   488   476
  222   157   127
  223   203   180
  224   175   168
  225   101   126
  226    28    72
  227   485   460
  228    83    95
  229   501   458
  230    72   107
  231   371   398
  232   351   381
  233    23    61
  234   287   239
  235    82    55
  236   317   279
  237   278   268
  238   214   232
  239   484   467
  240    21    35
  241     1    45
  242   522   477
  243     7     7
  244   201   180
  245   355   344
  246   410   407
  247   418   414
  248     4    20
  249   109   108
  250   486   493
  251   236   274
  252   155   131
  253   249   225
  254   339   320
  255   228   274
  256     1    16
  257   333   377
  258   327   374
  259   312   315
  260    31    32
  261   335   381
  262   203   233
  263     6    36
  264   189   231
  265   171   187
  266    67    31
  267   336   292
  268   441   441
  269    95    47
  270   496   496
  271   375   332
  272   233   246
  273    22     8
  274   483   473
  275   113    96
  276   329   364
  277   241   226
  278   157   125
  279   390   436
  280     1    19
  281    92    71
  282   287   279
  283   413   397
  284   309   295
  285   251   243
  286   174   168
  287   436   467
  288   109    99
  289   515   482
  290   194   224
  291   128    81
  292    97   126
  293   140   146
  294    31    38
  295   468   498
  296   198   174
  297     1    27
  298    61    70
  299   147   172
  300   453   479
  301   405   381
  302   306   300
  303   107    97
  304   258   275
  305   396   429
  306   495   471
  307   137   100
  308   117   152
  309   126   166
  310   135   165
  311   134   142
  312   153   202
  313    71   100
  314   319   351
  315   334   371
  316   197   224
  317   387   367
  318    15     7
  319   242   271
  320   289   324
  321   388   416
  322   369   371
  323   259   223
  324   457   429
  325   263   281
  326   347   357
  327     1    20
  328   299   314
  329   106   128
  330   322   339
  331   280   244
  332    80   130
  333    36     4
  334   241   230
  335   441   466
  336   523   475
  337   195   172
  338    24    44
  339   171   176
  340   185   197
  341   237   279
  342   492   459
  343   321   283
  344   150   158
  345   291   262
  346   263   254
  347   483   436
  348   214   181
  349   134   117
  350    75    36
  351    49    80
  352    86   129
  353   198   231
  354   225   274
  355   102    77
  356    78    85
  357   161   129
  358   354   307
  359     7    13
  360   226   254
  361   470   476
  362   458   427
  363   363   340
  364   371   326
  365   124   128
  366    72   122
  367   488   458
  368    62    65
  369   103   129
  370   458   500
  371   510   467
  372     1    27
  373   437   478
  374   284   245
  375    84    61
  376   414   435
  377   278   302
  378   277   251
  379   425   458
  380    89    95
  381   193   176
  382   432   452
  383   403   420
  384   381   423
  385   448   409
  386   380   391
  387   261   254
  388    41    37
  389     1    34
  390   449   472
  391   222   186
  392    54    11
  393   488   452
  394   472   422
  395    85    59
  396   501   470
  397    86    86
  398   395   358
  399    48    74
  400   202   163
  401   183   183
  402    61    42
  403   145   190
  404   258   241
  405   121   142
  406   542   497
  407   282   265
  408   420   420
  409   269   219
  410   124    79
  411   104   119
  412   145   126
  413   399   397
  414    92    83
  415   404   407
  416    87    37
  417    39    76
  418   476   479
  419   144   115
  420   333   361
  421   188   198
  422    96    75
  423   278   298
  424    91   121
  425   422   427
  426   434   391
  427   153   177
  428   356   327
  429   400   370
  430   123   160
  431   287   261
  432   134    89
  433   389   387
  434   510   463
  435   345   329
  436   409   380
  437   240   285
  438   308   267
  439   160   118
  440   222   198
  441   280   330
  442   424   402
  443   200   231
  444   134   173
  445   283   256
  446    52    60
  447    42     3
  448   169   132
  449   335   316
  450   248   261
  451   385   335
  452   316   359
  453   123   139
  454   365   393
  455   366   415
  456   306   267
  457   368   386
  458   264   271
  459   378   416
  460    31    60
  461   350   363
  462    72    80
  463   222   244
  464   454   433
  465   343   316
  466   206   239
  467   125   143
  468   376   340
  469   211   260
  470    90    68
  471   395   378
  472   357   404
  473   336   367
  474   327   299
  475    61    43
  476   217   188
  477   291   276
  478   116    76
  479   313   297
  480   305   275
  481   161   158
  482    30    62
  483   354   363
  484   399   352
  485   245   221
  486   122   105
  487    76    54
  488   461   465
  489    51    16
  490   373   410
  491    42    86
  492   220   194
  493     1    18
  494   352   387
  495   203   211
  496   466   468
  497   315   279
  498   312   349
  499   178   169
  500   165   180
41624
